0 0.093750 0.384722 0.031250 0.033333
0 0.203906 0.374306 0.026563 0.018056
0 0.229297 0.386806 0.046094 0.040278
0 0.346484 0.385417 0.035156 0.015278
0 0.317187 0.363889 0.026563 0.027778
0 0.491406 0.383333 0.042188 0.016667
0 0.519531 0.404167 0.032812 0.013889
0 0.456250 0.425694 0.037500 0.040278
0 0.569531 0.411111 0.029687 0.019444
0 0.595312 0.429167 0.026563 0.025000
0 0.608203 0.351389 0.025781 0.022222
0 0.635547 0.365278 0.027344 0.019444
0 0.683984 0.367361 0.017969 0.040278
0 0.739844 0.348611 0.035937 0.025000
0 0.905859 0.390972 0.032031 0.029167
0 0.964063 0.403472 0.029687 0.034722
0 0.985937 0.365278 0.028125 0.019444
0 0.142578 0.427778 0.036719 0.022222
0 0.209375 0.543056 0.032812 0.025000
0 0.090625 0.538889 0.043750 0.027778
0 0.026563 0.570139 0.035937 0.031944
0 0.339453 0.829167 0.041406 0.019444
0 0.378906 0.750000 0.028125 0.055556
0 0.110937 0.816667 0.043750 0.033333
0 0.416797 0.936111 0.044531 0.033333
0 0.539844 0.798611 0.026563 0.038889
0 0.680859 0.813889 0.044531 0.027778
0 0.937891 0.815278 0.041406 0.030556
0 0.819141 0.915972 0.049219 0.029167
0 0.480078 0.538889 0.032031 0.030556
2 0.520312 0.368750 0.017188 0.015278
2 0.577344 0.462500 0.017188 0.027778
1 0.846094 0.459028 0.068750 0.051389
0 0.737500 0.556944 0.034375 0.022222
